0100110010010111000100010010010100100010010010010101011000110111011000100100101
1110111000100010010010100100010010010010101011000110110010010100100010010010010
1110010010010011100010000010001001000100010011100101101010100111001011000101010
0100100100100101010110001101001000111000100010010010100101110010000100010001000
1001001001001110001000100010001001000100010011100101101010100111001011000110001
0010010010010010010101011000110100100011100010001001001010010100100100100101010
0010001110001000100100101001010100111000100010010010100101010001110001000100100
1000100100111000100010010010010001000100111001011010101010110001101001000111000
0010001110001000100100101001010100111000100010010010100101010001110001000100100
1001001001001110001000100010001001000100010011100101101010100111001011000110001
0010010010010010010101011000110100111000100010010010100101010001110001000100100
1000100100111000100010010010010001000100111001011010101101101010100111001011000
0100100100100101010110001101001000111000100010010010100101110010000100010001000
1001001001001110001000100010001001000100010011100101101010100111001011000110001
0010010010010010010101011000110100100011100010001001001010010100100100100101010
0010001110001000100100101001010100111000100010010010100101010001110001000100100
1000100100111000100010010010010001000100111001011010101101010011100101100010100
1100001001001110001000100010100100010001001110010110101010011100101100010101001
1001001001010101100011010010001110001000100100101001000100100100101010110001101
1110010010010011100010000010001001000100010011100101101010100111001011000101010
0100100100100101010110001101001000111000100010010010100101110010000100010001000
1001001001001110001000100010001001000100010011100101101010100111001011000110001
0010010010010010010101011000110100100011100010001001001010010100100100100101010
0010001110001000100100101001010100111000100010010010100101010001110001000100100
1000100100111000100010010010010001000100111001011010101001110010110001100100100
1001000100100111000100100010000010001000100111001011010101001110010110000100100
1001000100100111001001000100010100010001001110010110101010011100111000101001001
0010010010101011000110100100011100010001001001010010001001001001010101100011010
1001000100100110001000100010001001000100010011100101101010100111001010010100100
1001001001001010101100011010010001110001000100100101001010100101010010101001010
1000100100111001000100010001001000100010011100101101010100111001011000101001001
0010010010010101011000110100100011100010001001001010011111001110100101110100101
0010001110001000100100101001010100111000100010010010100101010001110001000100100
0100010010010100101010001110001000100100010001001001010010101000111000100010010
0100100101010100010010010100101100010010010100101101010110001101101100111010100
0100110010010111000100010010010100100010010010010101011000110111011000100100101
1110111000100010010010100100010010010010101011000110110010010100100010010010010
1110010010010011100010000010001001000100010011100101101010100111001011000101010
0100100100100101010110001101001000111000100010010010100101110010000100010001000
1001001001001110001000100010001001000100010011100101101010100111001011000110001
0010010010010010010101011000110100100011100010001001001010010100100100100101010
0010001110001000100100101001010100111000100010010010100101010001110001000100100
1000100100111000100010010010010001000100111001011010101010110001101001000111000
0010001110001000100100101001010100111000100010010010100101010001110001000100100
1000100100111000100001110001000100100101001000100100100101010110001101101011000
1110010010010011100010000010001001000100010011100101101010100111001011000101010
0100100100100101010110001101001000111000100010010010100101110010000100010001000
1001001001001110001000100010001001000100010011100101101010100111001011000110001
0010010010010010010101011000110100100011100010001001001010010100100100100101010
0010001110001000100100101001010100111000100010010010100101010001110001000100100
1000100100111000100010010010010001000100111001011010101011100010001001001010010
1000100100111000100111000100010010010100100010010010010101011000110101110001000
1110010010010011100010000010001001000100010011100101101010100111001011000101010
0100100100100101010110001101001000111000100010010010100101110010000100010001000
1001001001001110001000100010001001000100010011100101101010100111001011000110001
0010010010010010010101011000110100100011100010001001001010010100100100100101010
0010001110001000100100101001010100111000100010010010100101010001110001000100100
1000100100111000100010010010010001000100111001011010101101000111000100010010111
1110010010010011100010000010001001000100010011100101101010100111001011000101010
0100100100100101010110001101001000111000100010010010100101110010000100010001000
1001001001001110001000100010001001000100010011100101101010100111001011000110001
0010010010010010010101011000110100100011100010001001001010010100100100100101010
0010001110001000100100101001010100111000100010010010100101010001110001000100100
1000100100111000100010010010010001000100111001011010101001000100100101001010010
0010001110001000100100101001010100111000100010010010100101010001110001000100100
1000100100111000100010010010010001000100111001011010101010000100100100110000100
0100110010011100100100100100101110010001110001000100100101001000100100100101010
1110010010010011100010000010001001000100010011100101101010100111001011000101010
0100100100100101010110001101001000111000100010010010100101110010000100010001000
1001001001001110001000100010001001000100010011100101101010100111001011000110001
0010010010010010010101011000110100100011100010001001001010010100100100100101010
0010001110001000100100101001010100111000100010010010100101010001110001000100100
1000100100111000100010010010010001000100111001011010101101101010100111001011000
0100100100100101010110001101001000111000100010010010100101110010000100010001000
0000000000000000000000000000000000000000000000000000000000000000000000000000000
